100
76 76 90 90 23 23 61 61 56 56 79 79 70 70 8 8 30 30 31 31 41 41 99 99 33 33 36 36 5 5 86 86 50 50 12 12 24 24 87 87 37 37 82 82 19 19 47 47 57 57 80 80 74 74 62 62 38 38 38 38 38 38 38 38 38 38 38 38 38 38 38 38 38 38 38 38 38 38 38 38 38 38 38 38 38 38 38 38 38 38 38 38 38 38 38 38 38 38 38 38 
42 42 29 29 28 28 67 67 73 73 91 91 49 49 97 97 93 93 53 53 52 52 71 71 68 68 16 16 45 45 51 51 55 55 21 21 46 46 89 89 48 48 95 95 65 65 58 58 6 6 22 22 64 64 84 84 39 39 85 85 38 38 38 38 38 38 38 38 38 38 38 38 38 38 38 38 38 38 38 38 38 38 38 38 38 38 38 38 38 38 38 38 38 38 38 38 38 38 38 38 
10 10 63 63 98 98 15 15 81 81 9 9 40 40 18 18 3 3 13 13 27 27 35 35 77 77 94 94 0 0 76 76 90 90 23 23 61 61 56 56 79 79 70 70 8 8 30 30 31 31 41 41 99 99 33 33 36 36 5 5 86 86 50 50 12 12 24 24 87 87 37 37 82 82 19 19 47 47 57 57 80 80 74 74 62 62 38 38 38 38 38 38 38 38 38 38 38 38 38 38 
13 13 27 27 35 35 77 77 94 94 0 0 76 76 90 90 23 23 61 61 56 56 79 79 70 70 8 8 30 30 31 31 41 41 99 99 33 33 36 36 5 5 86 86 50 50 12 12 24 24 87 87 37 37 82 82 19 19 47 47 57 57 80 80 74 74 62 62 38 38 38 38 38 38 38 38 38 38 38 38 38 38 38 38 38 38 38 38 38 38 38 38 38 38 38 38 38 38 38 38 
96 96 92 92 72 72 20 20 78 78 44 44 43 43 59 59 88 88 1 1 42 42 29 29 28 28 67 67 73 73 91 91 49 49 97 97 93 93 53 53 52 52 71 71 68 68 16 16 45 45 51 51 55 55 21 21 46 46 89 89 48 48 95 95 65 65 58 58 6 6 22 22 64 64 84 84 39 39 85 85 38 38 38 38 38 38 38 38 38 38 38 38 38 38 38 38 38 38 38 38 
86 86 50 50 12 12 24 24 87 87 37 37 82 82 19 19 47 47 57 57 80 80 74 74 62 62 38 38 38 38 38 38 38 38 38 38 38 38 38 38 38 38 38 38 38 38 38 38 38 38 38 38 38 38 38 38 38 38 38 38 38 38 38 38 38 38 38 38 38 38 38 38 38 38 38 38 38 38 38 38 38 38 38 38 38 38 38 38 38 38 38 38 38 38 38 38 38 38 38 38 
22 22 64 64 84 84 39 39 85 85 38 38 38 38 38 38 38 38 38 38 38 38 38 38 38 38 38 38 38 38 38 38 38 38 38 38 38 38 38 38 38 38 38 38 38 38 38 38 38 38 38 38 38 38 38 38 38 38 38 38 38 38 38 38 38 38 38 38 38 38 38 38 38 38 38 38 38 38 38 38 38 38 38 38 38 38 38 38 38 38 38 38 38 38 38 38 38 38 38 38 
54 54 25 25 60 60 4 4 96 96 92 92 72 72 20 20 78 78 44 44 43 43 59 59 88 88 1 1 42 42 29 29 28 28 67 67 73 73 91 91 49 49 97 97 93 93 53 53 52 52 71 71 68 68 16 16 45 45 51 51 55 55 21 21 46 46 89 89 48 48 95 95 65 65 58 58 6 6 22 22 64 64 84 84 39 39 85 85 38 38 38 38 38 38 38 38 38 38 38 38 
30 30 31 31 41 41 99 99 33 33 36 36 5 5 86 86 50 50 12 12 24 24 87 87 37 37 82 82 19 19 47 47 57 57 80 80 74 74 62 62 38 38 38 38 38 38 38 38 38 38 38 38 38 38 38 38 38 38 38 38 38 38 38 38 38 38 38 38 38 38 38 38 38 38 38 38 38 38 38 38 38 38 38 38 38 38 38 38 38 38 38 38 38 38 38 38 38 38 38 38 
40 40 18 18 3 3 13 13 27 27 35 35 77 77 94 94 0 0 76 76 90 90 23 23 61 61 56 56 79 79 70 70 8 8 30 30 31 31 41 41 99 99 33 33 36 36 5 5 86 86 50 50 12 12 24 24 87 87 37 37 82 82 19 19 47 47 57 57 80 80 74 74 62 62 38 38 38 38 38 38 38 38 38 38 38 38 38 38 38 38 38 38 38 38 38 38 38 38 38 38 
63 63 98 98 15 15 81 81 9 9 40 40 18 18 3 3 13 13 27 27 35 35 77 77 94 94 0 0 76 76 90 90 23 23 61 61 56 56 79 79 70 70 8 8 30 30 31 31 41 41 99 99 33 33 36 36 5 5 86 86 50 50 12 12 24 24 87 87 37 37 82 82 19 19 47 47 57 57 80 80 74 74 62 62 38 38 38 38 38 38 38 38 38 38 38 38 38 38 38 38 
34 34 69 69 26 26 17 17 7 7 54 54 25 25 60 60 4 4 96 96 92 92 72 72 20 20 78 78 44 44 43 43 59 59 88 88 1 1 42 42 29 29 28 28 67 67 73 73 91 91 49 49 97 97 93 93 53 53 52 52 71 71 68 68 16 16 45 45 51 51 55 55 21 21 46 46 89 89 48 48 95 95 65 65 58 58 6 6 22 22 64 64 84 84 39 39 85 85 38 38 
24 24 87 87 37 37 82 82 19 19 47 47 57 57 80 80 74 74 62 62 38 38 38 38 38 38 38 38 38 38 38 38 38 38 38 38 38 38 38 38 38 38 38 38 38 38 38 38 38 38 38 38 38 38 38 38 38 38 38 38 38 38 38 38 38 38 38 38 38 38 38 38 38 38 38 38 38 38 38 38 38 38 38 38 38 38 38 38 38 38 38 38 38 38 38 38 38 38 38 38 
27 27 35 35 77 77 94 94 0 0 76 76 90 90 23 23 61 61 56 56 79 79 70 70 8 8 30 30 31 31 41 41 99 99 33 33 36 36 5 5 86 86 50 50 12 12 24 24 87 87 37 37 82 82 19 19 47 47 57 57 80 80 74 74 62 62 38 38 38 38 38 38 38 38 38 38 38 38 38 38 38 38 38 38 38 38 38 38 38 38 38 38 38 38 38 38 38 38 38 38 
2 2 10 10 63 63 98 98 15 15 81 81 9 9 40 40 18 18 3 3 13 13 27 27 35 35 77 77 94 94 0 0 76 76 90 90 23 23 61 61 56 56 79 79 70 70 8 8 30 30 31 31 41 41 99 99 33 33 36 36 5 5 86 86 50 50 12 12 24 24 87 87 37 37 82 82 19 19 47 47 57 57 80 80 74 74 62 62 38 38 38 38 38 38 38 38 38 38 38 38 
81 81 9 9 40 40 18 18 3 3 13 13 27 27 35 35 77 77 94 94 0 0 76 76 90 90 23 23 61 61 56 56 79 79 70 70 8 8 30 30 31 31 41 41 99 99 33 33 36 36 5 5 86 86 50 50 12 12 24 24 87 87 37 37 82 82 19 19 47 47 57 57 80 80 74 74 62 62 38 38 38 38 38 38 38 38 38 38 38 38 38 38 38 38 38 38 38 38 38 38 
45 45 51 51 55 55 21 21 46 46 89 89 48 48 95 95 65 65 58 58 6 6 22 22 64 64 84 84 39 39 85 85 38 38 38 38 38 38 38 38 38 38 38 38 38 38 38 38 38 38 38 38 38 38 38 38 38 38 38 38 38 38 38 38 38 38 38 38 38 38 38 38 38 38 38 38 38 38 38 38 38 38 38 38 38 38 38 38 38 38 38 38 38 38 38 38 38 38 38 38 
7 7 54 54 25 25 60 60 4 4 96 96 92 92 72 72 20 20 78 78 44 44 43 43 59 59 88 88 1 1 42 42 29 29 28 28 67 67 73 73 91 91 49 49 97 97 93 93 53 53 52 52 71 71 68 68 16 16 45 45 51 51 55 55 21 21 46 46 89 89 48 48 95 95 65 65 58 58 6 6 22 22 64 64 84 84 39 39 85 85 38 38 38 38 38 38 38 38 38 38 
3 3 13 13 27 27 35 35 77 77 94 94 0 0 76 76 90 90 23 23 61 61 56 56 79 79 70 70 8 8 30 30 31 31 41 41 99 99 33 33 36 36 5 5 86 86 50 50 12 12 24 24 87 87 37 37 82 82 19 19 47 47 57 57 80 80 74 74 62 62 38 38 38 38 38 38 38 38 38 38 38 38 38 38 38 38 38 38 38 38 38 38 38 38 38 38 38 38 38 38 
47 47 57 57 80 80 74 74 62 62 38 38 38 38 38 38 38 38 38 38 38 38 38 38 38 38 38 38 38 38 38 38 38 38 38 38 38 38 38 38 38 38 38 38 38 38 38 38 38 38 38 38 38 38 38 38 38 38 38 38 38 38 38 38 38 38 38 38 38 38 38 38 38 38 38 38 38 38 38 38 38 38 38 38 38 38 38 38 38 38 38 38 38 38 38 38 38 38 38 38 
78 78 44 44 43 43 59 59 88 88 1 1 42 42 29 29 28 28 67 67 73 73 91 91 49 49 97 97 93 93 53 53 52 52 71 71 68 68 16 16 45 45 51 51 55 55 21 21 46 46 89 89 48 48 95 95 65 65 58 58 6 6 22 22 64 64 84 84 39 39 85 85 38 38 38 38 38 38 38 38 38 38 38 38 38 38 38 38 38 38 38 38 38 38 38 38 38 38 38 38 
46 46 89 89 48 48 95 95 65 65 58 58 6 6 22 22 64 64 84 84 39 39 85 85 38 38 38 38 38 38 38 38 38 38 38 38 38 38 38 38 38 38 38 38 38 38 38 38 38 38 38 38 38 38 38 38 38 38 38 38 38 38 38 38 38 38 38 38 38 38 38 38 38 38 38 38 38 38 38 38 38 38 38 38 38 38 38 38 38 38 38 38 38 38 38 38 38 38 38 38 
64 64 84 84 39 39 85 85 38 38 38 38 38 38 38 38 38 38 38 38 38 38 38 38 38 38 38 38 38 38 38 38 38 38 38 38 38 38 38 38 38 38 38 38 38 38 38 38 38 38 38 38 38 38 38 38 38 38 38 38 38 38 38 38 38 38 38 38 38 38 38 38 38 38 38 38 38 38 38 38 38 38 38 38 38 38 38 38 38 38 38 38 38 38 38 38 38 38 38 38 
61 61 56 56 79 79 70 70 8 8 30 30 31 31 41 41 99 99 33 33 36 36 5 5 86 86 50 50 12 12 24 24 87 87 37 37 82 82 19 19 47 47 57 57 80 80 74 74 62 62 38 38 38 38 38 38 38 38 38 38 38 38 38 38 38 38 38 38 38 38 38 38 38 38 38 38 38 38 38 38 38 38 38 38 38 38 38 38 38 38 38 38 38 38 38 38 38 38 38 38 
87 87 37 37 82 82 19 19 47 47 57 57 80 80 74 74 62 62 38 38 38 38 38 38 38 38 38 38 38 38 38 38 38 38 38 38 38 38 38 38 38 38 38 38 38 38 38 38 38 38 38 38 38 38 38 38 38 38 38 38 38 38 38 38 38 38 38 38 38 38 38 38 38 38 38 38 38 38 38 38 38 38 38 38 38 38 38 38 38 38 38 38 38 38 38 38 38 38 38 38 
60 60 4 4 96 96 92 92 72 72 20 20 78 78 44 44 43 43 59 59 88 88 1 1 42 42 29 29 28 28 67 67 73 73 91 91 49 49 97 97 93 93 53 53 52 52 71 71 68 68 16 16 45 45 51 51 55 55 21 21 46 46 89 89 48 48 95 95 65 65 58 58 6 6 22 22 64 64 84 84 39 39 85 85 38 38 38 38 38 38 38 38 38 38 38 38 38 38 38 38 
17 17 7 7 54 54 25 25 60 60 4 4 96 96 92 92 72 72 20 20 78 78 44 44 43 43 59 59 88 88 1 1 42 42 29 29 28 28 67 67 73 73 91 91 49 49 97 97 93 93 53 53 52 52 71 71 68 68 16 16 45 45 51 51 55 55 21 21 46 46 89 89 48 48 95 95 65 65 58 58 6 6 22 22 64 64 84 84 39 39 85 85 38 38 38 38 38 38 38 38 
35 35 77 77 94 94 0 0 76 76 90 90 23 23 61 61 56 56 79 79 70 70 8 8 30 30 31 31 41 41 99 99 33 33 36 36 5 5 86 86 50 50 12 12 24 24 87 87 37 37 82 82 19 19 47 47 57 57 80 80 74 74 62 62 38 38 38 38 38 38 38 38 38 38 38 38 38 38 38 38 38 38 38 38 38 38 38 38 38 38 38 38 38 38 38 38 38 38 38 38 
67 67 73 73 91 91 49 49 97 97 93 93 53 53 52 52 71 71 68 68 16 16 45 45 51 51 55 55 21 21 46 46 89 89 48 48 95 95 65 65 58 58 6 6 22 22 64 64 84 84 39 39 85 85 38 38 38 38 38 38 38 38 38 38 38 38 38 38 38 38 38 38 38 38 38 38 38 38 38 38 38 38 38 38 38 38 38 38 38 38 38 38 38 38 38 38 38 38 38 38 
28 28 67 67 73 73 91 91 49 49 97 97 93 93 53 53 52 52 71 71 68 68 16 16 45 45 51 51 55 55 21 21 46 46 89 89 48 48 95 95 65 65 58 58 6 6 22 22 64 64 84 84 39 39 85 85 38 38 38 38 38 38 38 38 38 38 38 38 38 38 38 38 38 38 38 38 38 38 38 38 38 38 38 38 38 38 38 38 38 38 38 38 38 38 38 38 38 38 38 38 
31 31 41 41 99 99 33 33 36 36 5 5 86 86 50 50 12 12 24 24 87 87 37 37 82 82 19 19 47 47 57 57 80 80 74 74 62 62 38 38 38 38 38 38 38 38 38 38 38 38 38 38 38 38 38 38 38 38 38 38 38 38 38 38 38 38 38 38 38 38 38 38 38 38 38 38 38 38 38 38 38 38 38 38 38 38 38 38 38 38 38 38 38 38 38 38 38 38 38 38 
41 41 99 99 33 33 36 36 5 5 86 86 50 50 12 12 24 24 87 87 37 37 82 82 19 19 47 47 57 57 80 80 74 74 62 62 38 38 38 38 38 38 38 38 38 38 38 38 38 38 38 38 38 38 38 38 38 38 38 38 38 38 38 38 38 38 38 38 38 38 38 38 38 38 38 38 38 38 38 38 38 38 38 38 38 38 38 38 38 38 38 38 38 38 38 38 38 38 38 38 
75 75 83 83 66 66 14 14 2 2 10 10 63 63 98 98 15 15 81 81 9 9 40 40 18 18 3 3 13 13 27 27 35 35 77 77 94 94 0 0 76 76 90 90 23 23 61 61 56 56 79 79 70 70 8 8 30 30 31 31 41 41 99 99 33 33 36 36 5 5 86 86 50 50 12 12 24 24 87 87 37 37 82 82 19 19 47 47 57 57 80 80 74 74 62 62 38 38 38 38 
36 36 5 5 86 86 50 50 12 12 24 24 87 87 37 37 82 82 19 19 47 47 57 57 80 80 74 74 62 62 38 38 38 38 38 38 38 38 38 38 38 38 38 38 38 38 38 38 38 38 38 38 38 38 38 38 38 38 38 38 38 38 38 38 38 38 38 38 38 38 38 38 38 38 38 38 38 38 38 38 38 38 38 38 38 38 38 38 38 38 38 38 38 38 38 38 38 38 38 38 
69 69 26 26 17 17 7 7 54 54 25 25 60 60 4 4 96 96 92 92 72 72 20 20 78 78 44 44 43 43 59 59 88 88 1 1 42 42 29 29 28 28 67 67 73 73 91 91 49 49 97 97 93 93 53 53 52 52 71 71 68 68 16 16 45 45 51 51 55 55 21 21 46 46 89 89 48 48 95 95 65 65 58 58 6 6 22 22 64 64 84 84 39 39 85 85 38 38 38 38 
77 77 94 94 0 0 76 76 90 90 23 23 61 61 56 56 79 79 70 70 8 8 30 30 31 31 41 41 99 99 33 33 36 36 5 5 86 86 50 50 12 12 24 24 87 87 37 37 82 82 19 19 47 47 57 57 80 80 74 74 62 62 38 38 38 38 38 38 38 38 38 38 38 38 38 38 38 38 38 38 38 38 38 38 38 38 38 38 38 38 38 38 38 38 38 38 38 38 38 38 
5 5 86 86 50 50 12 12 24 24 87 87 37 37 82 82 19 19 47 47 57 57 80 80 74 74 62 62 38 38 38 38 38 38 38 38 38 38 38 38 38 38 38 38 38 38 38 38 38 38 38 38 38 38 38 38 38 38 38 38 38 38 38 38 38 38 38 38 38 38 38 38 38 38 38 38 38 38 38 38 38 38 38 38 38 38 38 38 38 38 38 38 38 38 38 38 38 38 38 38 
82 82 19 19 47 47 57 57 80 80 74 74 62 62 38 38 38 38 38 38 38 38 38 38 38 38 38 38 38 38 38 38 38 38 38 38 38 38 38 38 38 38 38 38 38 38 38 38 38 38 38 38 38 38 38 38 38 38 38 38 38 38 38 38 38 38 38 38 38 38 38 38 38 38 38 38 38 38 38 38 38 38 38 38 38 38 38 38 38 38 38 38 38 38 38 38 38 38 38 38 
38 38 38 38 38 38 38 38 38 38 38 38 38 38 38 38 38 38 38 38 38 38 38 38 38 38 38 38 38 38 38 38 38 38 38 38 38 38 38 38 38 38 38 38 38 38 38 38 38 38 38 38 38 38 38 38 38 38 38 38 38 38 38 38 38 38 38 38 38 38 38 38 38 38 38 38 38 38 38 38 38 38 38 38 38 38 38 38 38 38 38 38 38 38 38 38 38 38 38 38 
85 85 38 38 38 38 38 38 38 38 38 38 38 38 38 38 38 38 38 38 38 38 38 38 38 38 38 38 38 38 38 38 38 38 38 38 38 38 38 38 38 38 38 38 38 38 38 38 38 38 38 38 38 38 38 38 38 38 38 38 38 38 38 38 38 38 38 38 38 38 38 38 38 38 38 38 38 38 38 38 38 38 38 38 38 38 38 38 38 38 38 38 38 38 38 38 38 38 38 38 
18 18 3 3 13 13 27 27 35 35 77 77 94 94 0 0 76 76 90 90 23 23 61 61 56 56 79 79 70 70 8 8 30 30 31 31 41 41 99 99 33 33 36 36 5 5 86 86 50 50 12 12 24 24 87 87 37 37 82 82 19 19 47 47 57 57 80 80 74 74 62 62 38 38 38 38 38 38 38 38 38 38 38 38 38 38 38 38 38 38 38 38 38 38 38 38 38 38 38 38 
99 99 33 33 36 36 5 5 86 86 50 50 12 12 24 24 87 87 37 37 82 82 19 19 47 47 57 57 80 80 74 74 62 62 38 38 38 38 38 38 38 38 38 38 38 38 38 38 38 38 38 38 38 38 38 38 38 38 38 38 38 38 38 38 38 38 38 38 38 38 38 38 38 38 38 38 38 38 38 38 38 38 38 38 38 38 38 38 38 38 38 38 38 38 38 38 38 38 38 38 
29 29 28 28 67 67 73 73 91 91 49 49 97 97 93 93 53 53 52 52 71 71 68 68 16 16 45 45 51 51 55 55 21 21 46 46 89 89 48 48 95 95 65 65 58 58 6 6 22 22 64 64 84 84 39 39 85 85 38 38 38 38 38 38 38 38 38 38 38 38 38 38 38 38 38 38 38 38 38 38 38 38 38 38 38 38 38 38 38 38 38 38 38 38 38 38 38 38 38 38 
59 59 88 88 1 1 42 42 29 29 28 28 67 67 73 73 91 91 49 49 97 97 93 93 53 53 52 52 71 71 68 68 16 16 45 45 51 51 55 55 21 21 46 46 89 89 48 48 95 95 65 65 58 58 6 6 22 22 64 64 84 84 39 39 85 85 38 38 38 38 38 38 38 38 38 38 38 38 38 38 38 38 38 38 38 38 38 38 38 38 38 38 38 38 38 38 38 38 38 38 
43 43 59 59 88 88 1 1 42 42 29 29 28 28 67 67 73 73 91 91 49 49 97 97 93 93 53 53 52 52 71 71 68 68 16 16 45 45 51 51 55 55 21 21 46 46 89 89 48 48 95 95 65 65 58 58 6 6 22 22 64 64 84 84 39 39 85 85 38 38 38 38 38 38 38 38 38 38 38 38 38 38 38 38 38 38 38 38 38 38 38 38 38 38 38 38 38 38 38 38 
51 51 55 55 21 21 46 46 89 89 48 48 95 95 65 65 58 58 6 6 22 22 64 64 84 84 39 39 85 85 38 38 38 38 38 38 38 38 38 38 38 38 38 38 38 38 38 38 38 38 38 38 38 38 38 38 38 38 38 38 38 38 38 38 38 38 38 38 38 38 38 38 38 38 38 38 38 38 38 38 38 38 38 38 38 38 38 38 38 38 38 38 38 38 38 38 38 38 38 38 
89 89 48 48 95 95 65 65 58 58 6 6 22 22 64 64 84 84 39 39 85 85 38 38 38 38 38 38 38 38 38 38 38 38 38 38 38 38 38 38 38 38 38 38 38 38 38 38 38 38 38 38 38 38 38 38 38 38 38 38 38 38 38 38 38 38 38 38 38 38 38 38 38 38 38 38 38 38 38 38 38 38 38 38 38 38 38 38 38 38 38 38 38 38 38 38 38 38 38 38 
57 57 80 80 74 74 62 62 38 38 38 38 38 38 38 38 38 38 38 38 38 38 38 38 38 38 38 38 38 38 38 38 38 38 38 38 38 38 38 38 38 38 38 38 38 38 38 38 38 38 38 38 38 38 38 38 38 38 38 38 38 38 38 38 38 38 38 38 38 38 38 38 38 38 38 38 38 38 38 38 38 38 38 38 38 38 38 38 38 38 38 38 38 38 38 38 38 38 38 38 
95 95 65 65 58 58 6 6 22 22 64 64 84 84 39 39 85 85 38 38 38 38 38 38 38 38 38 38 38 38 38 38 38 38 38 38 38 38 38 38 38 38 38 38 38 38 38 38 38 38 38 38 38 38 38 38 38 38 38 38 38 38 38 38 38 38 38 38 38 38 38 38 38 38 38 38 38 38 38 38 38 38 38 38 38 38 38 38 38 38 38 38 38 38 38 38 38 38 38 38 
97 97 93 93 53 53 52 52 71 71 68 68 16 16 45 45 51 51 55 55 21 21 46 46 89 89 48 48 95 95 65 65 58 58 6 6 22 22 64 64 84 84 39 39 85 85 38 38 38 38 38 38 38 38 38 38 38 38 38 38 38 38 38 38 38 38 38 38 38 38 38 38 38 38 38 38 38 38 38 38 38 38 38 38 38 38 38 38 38 38 38 38 38 38 38 38 38 38 38 38 
12 12 24 24 87 87 37 37 82 82 19 19 47 47 57 57 80 80 74 74 62 62 38 38 38 38 38 38 38 38 38 38 38 38 38 38 38 38 38 38 38 38 38 38 38 38 38 38 38 38 38 38 38 38 38 38 38 38 38 38 38 38 38 38 38 38 38 38 38 38 38 38 38 38 38 38 38 38 38 38 38 38 38 38 38 38 38 38 38 38 38 38 38 38 38 38 38 38 38 38 
55 55 21 21 46 46 89 89 48 48 95 95 65 65 58 58 6 6 22 22 64 64 84 84 39 39 85 85 38 38 38 38 38 38 38 38 38 38 38 38 38 38 38 38 38 38 38 38 38 38 38 38 38 38 38 38 38 38 38 38 38 38 38 38 38 38 38 38 38 38 38 38 38 38 38 38 38 38 38 38 38 38 38 38 38 38 38 38 38 38 38 38 38 38 38 38 38 38 38 38 
71 71 68 68 16 16 45 45 51 51 55 55 21 21 46 46 89 89 48 48 95 95 65 65 58 58 6 6 22 22 64 64 84 84 39 39 85 85 38 38 38 38 38 38 38 38 38 38 38 38 38 38 38 38 38 38 38 38 38 38 38 38 38 38 38 38 38 38 38 38 38 38 38 38 38 38 38 38 38 38 38 38 38 38 38 38 38 38 38 38 38 38 38 38 38 38 38 38 38 38 
52 52 71 71 68 68 16 16 45 45 51 51 55 55 21 21 46 46 89 89 48 48 95 95 65 65 58 58 6 6 22 22 64 64 84 84 39 39 85 85 38 38 38 38 38 38 38 38 38 38 38 38 38 38 38 38 38 38 38 38 38 38 38 38 38 38 38 38 38 38 38 38 38 38 38 38 38 38 38 38 38 38 38 38 38 38 38 38 38 38 38 38 38 38 38 38 38 38 38 38 
25 25 60 60 4 4 96 96 92 92 72 72 20 20 78 78 44 44 43 43 59 59 88 88 1 1 42 42 29 29 28 28 67 67 73 73 91 91 49 49 97 97 93 93 53 53 52 52 71 71 68 68 16 16 45 45 51 51 55 55 21 21 46 46 89 89 48 48 95 95 65 65 58 58 6 6 22 22 64 64 84 84 39 39 85 85 38 38 38 38 38 38 38 38 38 38 38 38 38 38 
21 21 46 46 89 89 48 48 95 95 65 65 58 58 6 6 22 22 64 64 84 84 39 39 85 85 38 38 38 38 38 38 38 38 38 38 38 38 38 38 38 38 38 38 38 38 38 38 38 38 38 38 38 38 38 38 38 38 38 38 38 38 38 38 38 38 38 38 38 38 38 38 38 38 38 38 38 38 38 38 38 38 38 38 38 38 38 38 38 38 38 38 38 38 38 38 38 38 38 38 
79 79 70 70 8 8 30 30 31 31 41 41 99 99 33 33 36 36 5 5 86 86 50 50 12 12 24 24 87 87 37 37 82 82 19 19 47 47 57 57 80 80 74 74 62 62 38 38 38 38 38 38 38 38 38 38 38 38 38 38 38 38 38 38 38 38 38 38 38 38 38 38 38 38 38 38 38 38 38 38 38 38 38 38 38 38 38 38 38 38 38 38 38 38 38 38 38 38 38 38 
80 80 74 74 62 62 38 38 38 38 38 38 38 38 38 38 38 38 38 38 38 38 38 38 38 38 38 38 38 38 38 38 38 38 38 38 38 38 38 38 38 38 38 38 38 38 38 38 38 38 38 38 38 38 38 38 38 38 38 38 38 38 38 38 38 38 38 38 38 38 38 38 38 38 38 38 38 38 38 38 38 38 38 38 38 38 38 38 38 38 38 38 38 38 38 38 38 38 38 38 
6 6 22 22 64 64 84 84 39 39 85 85 38 38 38 38 38 38 38 38 38 38 38 38 38 38 38 38 38 38 38 38 38 38 38 38 38 38 38 38 38 38 38 38 38 38 38 38 38 38 38 38 38 38 38 38 38 38 38 38 38 38 38 38 38 38 38 38 38 38 38 38 38 38 38 38 38 38 38 38 38 38 38 38 38 38 38 38 38 38 38 38 38 38 38 38 38 38 38 38 
88 88 1 1 42 42 29 29 28 28 67 67 73 73 91 91 49 49 97 97 93 93 53 53 52 52 71 71 68 68 16 16 45 45 51 51 55 55 21 21 46 46 89 89 48 48 95 95 65 65 58 58 6 6 22 22 64 64 84 84 39 39 85 85 38 38 38 38 38 38 38 38 38 38 38 38 38 38 38 38 38 38 38 38 38 38 38 38 38 38 38 38 38 38 38 38 38 38 38 38 
4 4 96 96 92 92 72 72 20 20 78 78 44 44 43 43 59 59 88 88 1 1 42 42 29 29 28 28 67 67 73 73 91 91 49 49 97 97 93 93 53 53 52 52 71 71 68 68 16 16 45 45 51 51 55 55 21 21 46 46 89 89 48 48 95 95 65 65 58 58 6 6 22 22 64 64 84 84 39 39 85 85 38 38 38 38 38 38 38 38 38 38 38 38 38 38 38 38 38 38 
56 56 79 79 70 70 8 8 30 30 31 31 41 41 99 99 33 33 36 36 5 5 86 86 50 50 12 12 24 24 87 87 37 37 82 82 19 19 47 47 57 57 80 80 74 74 62 62 38 38 38 38 38 38 38 38 38 38 38 38 38 38 38 38 38 38 38 38 38 38 38 38 38 38 38 38 38 38 38 38 38 38 38 38 38 38 38 38 38 38 38 38 38 38 38 38 38 38 38 38 
38 38 38 38 38 38 38 38 38 38 38 38 38 38 38 38 38 38 38 38 38 38 38 38 38 38 38 38 38 38 38 38 38 38 38 38 38 38 38 38 38 38 38 38 38 38 38 38 38 38 38 38 38 38 38 38 38 38 38 38 38 38 38 38 38 38 38 38 38 38 38 38 38 38 38 38 38 38 38 38 38 38 38 38 38 38 38 38 38 38 38 38 38 38 38 38 38 38 38 38 
98 98 15 15 81 81 9 9 40 40 18 18 3 3 13 13 27 27 35 35 77 77 94 94 0 0 76 76 90 90 23 23 61 61 56 56 79 79 70 70 8 8 30 30 31 31 41 41 99 99 33 33 36 36 5 5 86 86 50 50 12 12 24 24 87 87 37 37 82 82 19 19 47 47 57 57 80 80 74 74 62 62 38 38 38 38 38 38 38 38 38 38 38 38 38 38 38 38 38 38 
84 84 39 39 85 85 38 38 38 38 38 38 38 38 38 38 38 38 38 38 38 38 38 38 38 38 38 38 38 38 38 38 38 38 38 38 38 38 38 38 38 38 38 38 38 38 38 38 38 38 38 38 38 38 38 38 38 38 38 38 38 38 38 38 38 38 38 38 38 38 38 38 38 38 38 38 38 38 38 38 38 38 38 38 38 38 38 38 38 38 38 38 38 38 38 38 38 38 38 38 
58 58 6 6 22 22 64 64 84 84 39 39 85 85 38 38 38 38 38 38 38 38 38 38 38 38 38 38 38 38 38 38 38 38 38 38 38 38 38 38 38 38 38 38 38 38 38 38 38 38 38 38 38 38 38 38 38 38 38 38 38 38 38 38 38 38 38 38 38 38 38 38 38 38 38 38 38 38 38 38 38 38 38 38 38 38 38 38 38 38 38 38 38 38 38 38 38 38 38 38 
14 14 2 2 10 10 63 63 98 98 15 15 81 81 9 9 40 40 18 18 3 3 13 13 27 27 35 35 77 77 94 94 0 0 76 76 90 90 23 23 61 61 56 56 79 79 70 70 8 8 30 30 31 31 41 41 99 99 33 33 36 36 5 5 86 86 50 50 12 12 24 24 87 87 37 37 82 82 19 19 47 47 57 57 80 80 74 74 62 62 38 38 38 38 38 38 38 38 38 38 
73 73 91 91 49 49 97 97 93 93 53 53 52 52 71 71 68 68 16 16 45 45 51 51 55 55 21 21 46 46 89 89 48 48 95 95 65 65 58 58 6 6 22 22 64 64 84 84 39 39 85 85 38 38 38 38 38 38 38 38 38 38 38 38 38 38 38 38 38 38 38 38 38 38 38 38 38 38 38 38 38 38 38 38 38 38 38 38 38 38 38 38 38 38 38 38 38 38 38 38 
16 16 45 45 51 51 55 55 21 21 46 46 89 89 48 48 95 95 65 65 58 58 6 6 22 22 64 64 84 84 39 39 85 85 38 38 38 38 38 38 38 38 38 38 38 38 38 38 38 38 38 38 38 38 38 38 38 38 38 38 38 38 38 38 38 38 38 38 38 38 38 38 38 38 38 38 38 38 38 38 38 38 38 38 38 38 38 38 38 38 38 38 38 38 38 38 38 38 38 38 
26 26 17 17 7 7 54 54 25 25 60 60 4 4 96 96 92 92 72 72 20 20 78 78 44 44 43 43 59 59 88 88 1 1 42 42 29 29 28 28 67 67 73 73 91 91 49 49 97 97 93 93 53 53 52 52 71 71 68 68 16 16 45 45 51 51 55 55 21 21 46 46 89 89 48 48 95 95 65 65 58 58 6 6 22 22 64 64 84 84 39 39 85 85 38 38 38 38 38 38 
8 8 30 30 31 31 41 41 99 99 33 33 36 36 5 5 86 86 50 50 12 12 24 24 87 87 37 37 82 82 19 19 47 47 57 57 80 80 74 74 62 62 38 38 38 38 38 38 38 38 38 38 38 38 38 38 38 38 38 38 38 38 38 38 38 38 38 38 38 38 38 38 38 38 38 38 38 38 38 38 38 38 38 38 38 38 38 38 38 38 38 38 38 38 38 38 38 38 38 38 
68 68 16 16 45 45 51 51 55 55 21 21 46 46 89 89 48 48 95 95 65 65 58 58 6 6 22 22 64 64 84 84 39 39 85 85 38 38 38 38 38 38 38 38 38 38 38 38 38 38 38 38 38 38 38 38 38 38 38 38 38 38 38 38 38 38 38 38 38 38 38 38 38 38 38 38 38 38 38 38 38 38 38 38 38 38 38 38 38 38 38 38 38 38 38 38 38 38 38 38 
20 20 78 78 44 44 43 43 59 59 88 88 1 1 42 42 29 29 28 28 67 67 73 73 91 91 49 49 97 97 93 93 53 53 52 52 71 71 68 68 16 16 45 45 51 51 55 55 21 21 46 46 89 89 48 48 95 95 65 65 58 58 6 6 22 22 64 64 84 84 39 39 85 85 38 38 38 38 38 38 38 38 38 38 38 38 38 38 38 38 38 38 38 38 38 38 38 38 38 38 
91 91 49 49 97 97 93 93 53 53 52 52 71 71 68 68 16 16 45 45 51 51 55 55 21 21 46 46 89 89 48 48 95 95 65 65 58 58 6 6 22 22 64 64 84 84 39 39 85 85 38 38 38 38 38 38 38 38 38 38 38 38 38 38 38 38 38 38 38 38 38 38 38 38 38 38 38 38 38 38 38 38 38 38 38 38 38 38 38 38 38 38 38 38 38 38 38 38 38 38 
62 62 38 38 38 38 38 38 38 38 38 38 38 38 38 38 38 38 38 38 38 38 38 38 38 38 38 38 38 38 38 38 38 38 38 38 38 38 38 38 38 38 38 38 38 38 38 38 38 38 38 38 38 38 38 38 38 38 38 38 38 38 38 38 38 38 38 38 38 38 38 38 38 38 38 38 38 38 38 38 38 38 38 38 38 38 38 38 38 38 38 38 38 38 38 38 38 38 38 38 
83 83 66 66 14 14 2 2 10 10 63 63 98 98 15 15 81 81 9 9 40 40 18 18 3 3 13 13 27 27 35 35 77 77 94 94 0 0 76 76 90 90 23 23 61 61 56 56 79 79 70 70 8 8 30 30 31 31 41 41 99 99 33 33 36 36 5 5 86 86 50 50 12 12 24 24 87 87 37 37 82 82 19 19 47 47 57 57 80 80 74 74 62 62 38 38 38 38 38 38 
90 90 23 23 61 61 56 56 79 79 70 70 8 8 30 30 31 31 41 41 99 99 33 33 36 36 5 5 86 86 50 50 12 12 24 24 87 87 37 37 82 82 19 19 47 47 57 57 80 80 74 74 62 62 38 38 38 38 38 38 38 38 38 38 38 38 38 38 38 38 38 38 38 38 38 38 38 38 38 38 38 38 38 38 38 38 38 38 38 38 38 38 38 38 38 38 38 38 38 38 
94 94 0 0 76 76 90 90 23 23 61 61 56 56 79 79 70 70 8 8 30 30 31 31 41 41 99 99 33 33 36 36 5 5 86 86 50 50 12 12 24 24 87 87 37 37 82 82 19 19 47 47 57 57 80 80 74 74 62 62 38 38 38 38 38 38 38 38 38 38 38 38 38 38 38 38 38 38 38 38 38 38 38 38 38 38 38 38 38 38 38 38 38 38 38 38 38 38 38 38 
44 44 43 43 59 59 88 88 1 1 42 42 29 29 28 28 67 67 73 73 91 91 49 49 97 97 93 93 53 53 52 52 71 71 68 68 16 16 45 45 51 51 55 55 21 21 46 46 89 89 48 48 95 95 65 65 58 58 6 6 22 22 64 64 84 84 39 39 85 85 38 38 38 38 38 38 38 38 38 38 38 38 38 38 38 38 38 38 38 38 38 38 38 38 38 38 38 38 38 38 
70 70 8 8 30 30 31 31 41 41 99 99 33 33 36 36 5 5 86 86 50 50 12 12 24 24 87 87 37 37 82 82 19 19 47 47 57 57 80 80 74 74 62 62 38 38 38 38 38 38 38 38 38 38 38 38 38 38 38 38 38 38 38 38 38 38 38 38 38 38 38 38 38 38 38 38 38 38 38 38 38 38 38 38 38 38 38 38 38 38 38 38 38 38 38 38 38 38 38 38 
74 74 62 62 38 38 38 38 38 38 38 38 38 38 38 38 38 38 38 38 38 38 38 38 38 38 38 38 38 38 38 38 38 38 38 38 38 38 38 38 38 38 38 38 38 38 38 38 38 38 38 38 38 38 38 38 38 38 38 38 38 38 38 38 38 38 38 38 38 38 38 38 38 38 38 38 38 38 38 38 38 38 38 38 38 38 38 38 38 38 38 38 38 38 38 38 38 38 38 38 
9 9 40 40 18 18 3 3 13 13 27 27 35 35 77 77 94 94 0 0 76 76 90 90 23 23 61 61 56 56 79 79 70 70 8 8 30 30 31 31 41 41 99 99 33 33 36 36 5 5 86 86 50 50 12 12 24 24 87 87 37 37 82 82 19 19 47 47 57 57 80 80 74 74 62 62 38 38 38 38 38 38 38 38 38 38 38 38 38 38 38 38 38 38 38 38 38 38 38 38 
19 19 47 47 57 57 80 80 74 74 62 62 38 38 38 38 38 38 38 38 38 38 38 38 38 38 38 38 38 38 38 38 38 38 38 38 38 38 38 38 38 38 38 38 38 38 38 38 38 38 38 38 38 38 38 38 38 38 38 38 38 38 38 38 38 38 38 38 38 38 38 38 38 38 38 38 38 38 38 38 38 38 38 38 38 38 38 38 38 38 38 38 38 38 38 38 38 38 38 38 
66 66 14 14 2 2 10 10 63 63 98 98 15 15 81 81 9 9 40 40 18 18 3 3 13 13 27 27 35 35 77 77 94 94 0 0 76 76 90 90 23 23 61 61 56 56 79 79 70 70 8 8 30 30 31 31 41 41 99 99 33 33 36 36 5 5 86 86 50 50 12 12 24 24 87 87 37 37 82 82 19 19 47 47 57 57 80 80 74 74 62 62 38 38 38 38 38 38 38 38 
39 39 85 85 38 38 38 38 38 38 38 38 38 38 38 38 38 38 38 38 38 38 38 38 38 38 38 38 38 38 38 38 38 38 38 38 38 38 38 38 38 38 38 38 38 38 38 38 38 38 38 38 38 38 38 38 38 38 38 38 38 38 38 38 38 38 38 38 38 38 38 38 38 38 38 38 38 38 38 38 38 38 38 38 38 38 38 38 38 38 38 38 38 38 38 38 38 38 38 38 
38 38 38 38 38 38 38 38 38 38 38 38 38 38 38 38 38 38 38 38 38 38 38 38 38 38 38 38 38 38 38 38 38 38 38 38 38 38 38 38 38 38 38 38 38 38 38 38 38 38 38 38 38 38 38 38 38 38 38 38 38 38 38 38 38 38 38 38 38 38 38 38 38 38 38 38 38 38 38 38 38 38 38 38 38 38 38 38 38 38 38 38 38 38 38 38 38 38 38 38 
50 50 12 12 24 24 87 87 37 37 82 82 19 19 47 47 57 57 80 80 74 74 62 62 38 38 38 38 38 38 38 38 38 38 38 38 38 38 38 38 38 38 38 38 38 38 38 38 38 38 38 38 38 38 38 38 38 38 38 38 38 38 38 38 38 38 38 38 38 38 38 38 38 38 38 38 38 38 38 38 38 38 38 38 38 38 38 38 38 38 38 38 38 38 38 38 38 38 38 38 
37 37 82 82 19 19 47 47 57 57 80 80 74 74 62 62 38 38 38 38 38 38 38 38 38 38 38 38 38 38 38 38 38 38 38 38 38 38 38 38 38 38 38 38 38 38 38 38 38 38 38 38 38 38 38 38 38 38 38 38 38 38 38 38 38 38 38 38 38 38 38 38 38 38 38 38 38 38 38 38 38 38 38 38 38 38 38 38 38 38 38 38 38 38 38 38 38 38 38 38 
1 1 42 42 29 29 28 28 67 67 73 73 91 91 49 49 97 97 93 93 53 53 52 52 71 71 68 68 16 16 45 45 51 51 55 55 21 21 46 46 89 89 48 48 95 95 65 65 58 58 6 6 22 22 64 64 84 84 39 39 85 85 38 38 38 38 38 38 38 38 38 38 38 38 38 38 38 38 38 38 38 38 38 38 38 38 38 38 38 38 38 38 38 38 38 38 38 38 38 38 
48 48 95 95 65 65 58 58 6 6 22 22 64 64 84 84 39 39 85 85 38 38 38 38 38 38 38 38 38 38 38 38 38 38 38 38 38 38 38 38 38 38 38 38 38 38 38 38 38 38 38 38 38 38 38 38 38 38 38 38 38 38 38 38 38 38 38 38 38 38 38 38 38 38 38 38 38 38 38 38 38 38 38 38 38 38 38 38 38 38 38 38 38 38 38 38 38 38 38 38 
23 23 61 61 56 56 79 79 70 70 8 8 30 30 31 31 41 41 99 99 33 33 36 36 5 5 86 86 50 50 12 12 24 24 87 87 37 37 82 82 19 19 47 47 57 57 80 80 74 74 62 62 38 38 38 38 38 38 38 38 38 38 38 38 38 38 38 38 38 38 38 38 38 38 38 38 38 38 38 38 38 38 38 38 38 38 38 38 38 38 38 38 38 38 38 38 38 38 38 38 
49 49 97 97 93 93 53 53 52 52 71 71 68 68 16 16 45 45 51 51 55 55 21 21 46 46 89 89 48 48 95 95 65 65 58 58 6 6 22 22 64 64 84 84 39 39 85 85 38 38 38 38 38 38 38 38 38 38 38 38 38 38 38 38 38 38 38 38 38 38 38 38 38 38 38 38 38 38 38 38 38 38 38 38 38 38 38 38 38 38 38 38 38 38 38 38 38 38 38 38 
72 72 20 20 78 78 44 44 43 43 59 59 88 88 1 1 42 42 29 29 28 28 67 67 73 73 91 91 49 49 97 97 93 93 53 53 52 52 71 71 68 68 16 16 45 45 51 51 55 55 21 21 46 46 89 89 48 48 95 95 65 65 58 58 6 6 22 22 64 64 84 84 39 39 85 85 38 38 38 38 38 38 38 38 38 38 38 38 38 38 38 38 38 38 38 38 38 38 38 38 
53 53 52 52 71 71 68 68 16 16 45 45 51 51 55 55 21 21 46 46 89 89 48 48 95 95 65 65 58 58 6 6 22 22 64 64 84 84 39 39 85 85 38 38 38 38 38 38 38 38 38 38 38 38 38 38 38 38 38 38 38 38 38 38 38 38 38 38 38 38 38 38 38 38 38 38 38 38 38 38 38 38 38 38 38 38 38 38 38 38 38 38 38 38 38 38 38 38 38 38 
0 0 76 76 90 90 23 23 61 61 56 56 79 79 70 70 8 8 30 30 31 31 41 41 99 99 33 33 36 36 5 5 86 86 50 50 12 12 24 24 87 87 37 37 82 82 19 19 47 47 57 57 80 80 74 74 62 62 38 38 38 38 38 38 38 38 38 38 38 38 38 38 38 38 38 38 38 38 38 38 38 38 38 38 38 38 38 38 38 38 38 38 38 38 38 38 38 38 38 38 
65 65 58 58 6 6 22 22 64 64 84 84 39 39 85 85 38 38 38 38 38 38 38 38 38 38 38 38 38 38 38 38 38 38 38 38 38 38 38 38 38 38 38 38 38 38 38 38 38 38 38 38 38 38 38 38 38 38 38 38 38 38 38 38 38 38 38 38 38 38 38 38 38 38 38 38 38 38 38 38 38 38 38 38 38 38 38 38 38 38 38 38 38 38 38 38 38 38 38 38 
92 92 72 72 20 20 78 78 44 44 43 43 59 59 88 88 1 1 42 42 29 29 28 28 67 67 73 73 91 91 49 49 97 97 93 93 53 53 52 52 71 71 68 68 16 16 45 45 51 51 55 55 21 21 46 46 89 89 48 48 95 95 65 65 58 58 6 6 22 22 64 64 84 84 39 39 85 85 38 38 38 38 38 38 38 38 38 38 38 38 38 38 38 38 38 38 38 38 38 38 
93 93 53 53 52 52 71 71 68 68 16 16 45 45 51 51 55 55 21 21 46 46 89 89 48 48 95 95 65 65 58 58 6 6 22 22 64 64 84 84 39 39 85 85 38 38 38 38 38 38 38 38 38 38 38 38 38 38 38 38 38 38 38 38 38 38 38 38 38 38 38 38 38 38 38 38 38 38 38 38 38 38 38 38 38 38 38 38 38 38 38 38 38 38 38 38 38 38 38 38 
15 15 81 81 9 9 40 40 18 18 3 3 13 13 27 27 35 35 77 77 94 94 0 0 76 76 90 90 23 23 61 61 56 56 79 79 70 70 8 8 30 30 31 31 41 41 99 99 33 33 36 36 5 5 86 86 50 50 12 12 24 24 87 87 37 37 82 82 19 19 47 47 57 57 80 80 74 74 62 62 38 38 38 38 38 38 38 38 38 38 38 38 38 38 38 38 38 38 38 38 
33 33 36 36 5 5 86 86 50 50 12 12 24 24 87 87 37 37 82 82 19 19 47 47 57 57 80 80 74 74 62 62 38 38 38 38 38 38 38 38 38 38 38 38 38 38 38 38 38 38 38 38 38 38 38 38 38 38 38 38 38 38 38 38 38 38 38 38 38 38 38 38 38 38 38 38 38 38 38 38 38 38 38 38 38 38 38 38 38 38 38 38 38 38 38 38 38 38 38 38 
